0,273
0,270
3,2
3,1
3,3
10,297
10,111
10,238
10,237
10,191
10,287
10,264
10,242
10,2
10,3
11,6
11,29
11,20
11,30
11,22
9,7
9,4
9,1
9,6
9,2
9,3
8,17
8,4
8,15
8,16
8,6
8,12
8,2
8,3
0,390
71,4
71,3
71,2
71,1
69,8
69,7
69,6
69,5
69,4
69,3
69,2
69,1
67,9
67,8
67,7
67,6
67,5
67,4
67,3
67,2
67,1
66,5
66,4
66,3
66,1
64,6
64,5
64,4
64,3
64,2
64,1
63,5
63,4
63,3
63,1
49,4
49,3
49,1
48,4
48,3
48,1
46,4
46,3
46,1
42,3
42,1
38,6
38,5
38,4
38,3
38,1
37,4
37,3
37,1
34,4
34,3
34,1
33,4
33,3
33,1
32,7
32,6
32,5
32,4
32,3
32,2
32,1
31,3
31,1
30,3
30,1
29,5
29,4
29,3
29,2
29,1
26,4
26,3
26,1
20,3
20,2
20,1
19,3
19,2
19,1
17,3
17,2
17,1
16,3
16,2
